--- File: GDP.csv ---
      3T/2017  6T/2017  9T/2017  2017.0  3T/2018  6T/2018  9T/2018  2018.0  3T/2019  6T/2019  9T/2019  2019.0  3T/2020  6T/2020  9T/2020  2020.0  3T/2021  6T/2021  9T/2021  2021.0  3T/2022  6T/2022  9T2022  2022.0  3T/2023  6T/2023  9T/2023  2023.0  3T/2024  6T/2024  9T/2024  2024.0
Year                                                                                                                                                                                                                                                                                       
2020     0.06     0.06     0.06    0.06     0.06     0.06     0.07    0.07     0.07     0.07     0.07    0.07     0.06     0.05     0.05    0.05     0.05     0.06     0.05    0.05     0.06     0.06    0.07    0.07     0.04     0.04     0.04    0.04     0.04     0.05     0.05    0.06
2021     0.06     0.05     0.06    0.06     0.07     0.07     0.07    0.08     0.07     0.07     0.07    0.08    -0.01    -0.05    -0.04   -0.02     0.01     0.01    -0.09   -0.06     0.03     0.08    0.19    0.18     0.12     0.09     0.09    0.09     0.08     0.09     0.09    0.09
2022     0.08     0.09     0.09    0.10     0.10     0.09     0.09    0.10     0.09     0.09     0.10    0.09     0.06     0.04     0.04    0.06     0.06     0.08     0.04    0.04     0.06     0.06    0.08    0.08     0.02     0.03     0.04    0.05     0.08     0.09     0.10    0.09
2023     0.07     0.08     0.07    0.07     0.06     0.06     0.06    0.05     0.05     0.07     0.07    0.06     0.03     0.01     0.01    0.01     0.02     0.04     0.00    0.01     0.04     0.06    0.07    0.06    -0.01     0.01     0.01    0.02     0.03     0.03     0.03    0.03
2024     0.04     0.05     0.05    0.05     0.05     0.05     0.05    0.05     0.04     0.04     0.03    0.04     0.02     0.01     0.02    0.03     0.04     0.04     0.03    0.03     0.03     0.04    0.05    0.05     0.03     0.03     0.04    0.04     0.04     0.05     0.04    0.05
--- File: FDI.csv ---
No Date column
--- File: Monetary.csv ---
No Date column
--- File: Tỷ giá.csv ---
No Date column
--- File: Tổng mức bán lẻ.csv ---
No Date column
--- File: PMI.csv ---
No Date column